	7 9	7 11	7 7	7 7
	16 8	18 9	20 6	18 7
	13 8	19 7	18 6	19 6
	19 7	13 7	16 6	20 5
	20 6	20 6	13 6	13 5
	18 6	16 4	19 5	16 4
	39 5	9 3	11 4	9 3
	38 5	38 3	9 2	11 2
	37 5	11 3	4 2	5 1
	4 4	40 2	38 2	39 1
	40 4	39 2	3 2	38 1
	3 3	21 2	17 2	37 1
	22 3	5 1	1 2	3 1
	21 3	50 1	5 1	29 1
	9 2	41 1	44 1	23 1
	41 2	4 1	37 1	21 1
	17 2	37 1	31 1	17 1
	1 2	34 1	30 1	15 1
	11 2	31 1	21 1	14 1
	5 1	23 1	15 1	12 1
	28 1	17 1	14 1	1 1
	23 1	15 1	12 1	10 1
	15 1	14 1	10 1	8 0
	14 1	12 1	8 0	6 0
	12 1	1 1	6 0	52 0
	10 1	10 1	52 0	51 0
	8 0	8 0	51 0	50 0
	6 0	6 0	50 0	49 0
	52 0	52 0	49 0	48 0
	51 0	51 0	48 0	47 0
	50 0	49 0	47 0	46 0
	49 0	48 0	46 0	45 0
	48 0	47 0	45 0	44 0
	47 0	46 0	43 0	43 0
	46 0	45 0	42 0	42 0
	45 0	44 0	41 0	41 0
	44 0	43 0	40 0	40 0
	43 0	42 0	39 0	4 0
	42 0	36 0	36 0	36 0
	36 0	35 0	35 0	35 0
	35 0	33 0	34 0	34 0
	34 0	32 0	33 0	33 0
	33 0	30 0	32 0	32 0
	32 0	3 0	29 0	31 0
	31 0	29 0	28 0	30 0
	30 0	28 0	27 0	28 0
	29 0	27 0	26 0	27 0
	27 0	26 0	25 0	26 0
	26 0	25 0	24 0	25 0
	25 0	24 0	23 0	24 0
	24 0	22 0	22 0	22 0
	2 0	2 0	2 0	2 0
