d01       21 5765.200000 0.040000 0.993750 0.992500 1.000000 0.996236
d02       18 5581.340000 0.050000 0.959375 0.955000 0.996089 0.975112
d03       11 8572.030000 0.030000 0.447917 0.455000 0.794760 0.578696
d04       13 3092.680000 0.040000 1.000000 1.000000 1.000000 1.000000
d05       19 4129.970000 0.040000 0.997917 0.997500 1.000000 0.998748
d06       22 4558.140000 0.040000 1.000000 1.000000 1.000000 1.000000
d07        9 3248.810000 0.030000 1.000000 1.000000 1.000000 1.000000
d08       12 5005.090000 0.030000 0.857292 0.828750 1.000000 0.906357
d09       11 7767.580000 0.050000 0.467708 0.412500 0.889488 0.563621
d10        6 4467.490000 0.040000 0.644792 0.600000 0.958084 0.737894
d11        2 5861.200000 0.030000 0.825000 0.793750 0.995298 0.883171
d12        9 5470.910000 0.030000 0.844792 0.813750 1.000000 0.897312
d13       11 6045.410000 0.040000 0.777083 0.732500 1.000000 0.845599
d14        2 3954.620000 0.050000 0.998958 0.998750 1.000000 0.999375
d15       12 8399.600000 0.040000 0.505208 0.472500 0.877030 0.614135
d16        6 5358.910000 0.040000 0.714583 0.692500 0.951890 0.801737
d17       12 6920.770000 0.040000 0.759375 0.725000 0.981387 0.833932
d18       11 5468.040000 0.020000 0.837500 0.818750 0.983483 0.893588
d19        3 5567.240000 0.040000 0.819792 0.790000 0.992151 0.879610
d20        8 10331.870000 0.020000 0.722917 0.667500 1.000000 0.800600
d21        1 11204.260000 0.030000 0.965625 1.000000 0.960384 0.979792
d01       24 8008.300000 0.050000 0.996875 0.996250 1.000000 0.998121
d02       17 6121.900000 0.050000 0.969792 0.967500 0.996139 0.981611
d03       11 10321.350000 0.040000 0.537500 0.547500 0.842308 0.663636
d04        8 4049.920000 0.040000 1.000000 1.000000 1.000000 1.000000
d05       18 4974.800000 0.050000 0.997917 0.997500 1.000000 0.998748
d06       18 5282.880000 0.050000 1.000000 1.000000 1.000000 1.000000
d07        9 4249.500000 0.030000 1.000000 1.000000 1.000000 1.000000
d08       13 3658.420000 0.030000 0.817708 0.781250 1.000000 0.877193
d09       11 11488.820000 0.030000 0.445833 0.413750 0.840102 0.554439
d10        6 5824.250000 0.020000 0.656250 0.616250 0.955426 0.749240
d11        2 5582.880000 0.020000 0.821875 0.788750 0.996840 0.880670
d12       10 4379.860000 0.020000 0.886458 0.863750 1.000000 0.926895
d13       12 4306.050000 0.050000 0.640625 0.568750 1.000000 0.725100
d14        3 2820.280000 0.030000 0.998958 0.998750 1.000000 0.999375
d15       12 13308.200000 0.040000 0.543750 0.520000 0.885106 0.655118
d16        6 5237.040000 0.040000 0.768750 0.770000 0.941896 0.847318
d17        3 4064.080000 0.020000 0.955208 0.946250 1.000000 0.972383
d18       12 7103.860000 0.050000 0.828125 0.821250 0.967599 0.888438
d19        5 4993.560000 0.030000 0.894792 0.875000 0.998573 0.932712
d20        7 16829.320000 0.030000 0.841667 0.810000 1.000000 0.895028
d21        1 4729.750000 0.020000 0.960417 1.000000 0.954654 0.976801
d01       30 5627.470000 0.060000 0.995833 0.995000 1.000000 0.997494
d02       20 6346.610000 0.050000 0.976042 0.971250 1.000000 0.985415
d03       11 9819.200000 0.030000 0.545833 0.552500 0.850000 0.669697
d04        9 3346.930000 0.030000 0.998958 0.998750 1.000000 0.999375
d05       19 4371.720000 0.030000 0.997917 0.997500 1.000000 0.998748
d06       16 4453.810000 0.050000 0.852083 0.822500 1.000000 0.902606
d07       14 3827.330000 0.040000 0.998958 0.998750 1.000000 0.999375
d08       12 3793.460000 0.040000 0.658333 0.590000 1.000000 0.742138
d09       11 9367.880000 0.030000 0.477083 0.418750 0.900538 0.571672
d10        7 3748.740000 0.060000 0.658333 0.610000 0.968254 0.748466
d11        2 6120.220000 0.010000 0.825000 0.790000 1.000000 0.882682
d12       11 4269.320000 0.060000 0.895833 0.875000 1.000000 0.933333
d13       10 4817.960000 0.070000 0.647917 0.577500 1.000000 0.732171
d14        3 3011.230000 0.110000 0.998958 0.998750 1.000000 0.999375
d15       11 5416.610000 0.020000 0.497917 0.486250 0.845652 0.617460
d16        6 5141.150000 0.000000 0.805208 0.823750 0.934752 0.875748
d17        3 4847.570000 0.050000 0.964583 0.957500 1.000000 0.978289
d18       14 7409.560000 0.000000 0.845833 0.842500 0.968391 0.901070
d19        5 4433.880000 0.010000 0.881250 0.860000 0.997101 0.923490
d20        7 7281.850000 0.040000 0.862500 0.835000 1.000000 0.910082
d21        1 7240.690000 0.010000 0.960417 1.000000 0.954654 0.976801
d01       20 6028.830000 0.060000 0.996875 0.996250 1.000000 0.998121
d02       18 5669.600000 0.030000 0.970833 0.965000 1.000000 0.982188
d03       11 8285.480000 0.030000 0.467708 0.455000 0.829157 0.587571
d04        8 2961.870000 0.050000 1.000000 1.000000 1.000000 1.000000
d05       19 3806.200000 0.040000 0.998958 0.998750 1.000000 0.999375
d06       21 4261.540000 0.030000 0.957292 0.948750 1.000000 0.973701
d07       14 3421.490000 0.030000 1.000000 1.000000 1.000000 1.000000
d08       12 3858.790000 0.050000 0.765625 0.718750 1.000000 0.836364
d09       11 6390.290000 0.020000 0.505208 0.468750 0.882353 0.612245
d10        6 7112.310000 0.030000 0.689583 0.643750 0.975379 0.775602
d11        2 3718.540000 0.020000 0.797917 0.762500 0.993485 0.862801
d12       12 4131.660000 0.030000 0.833333 0.800000 1.000000 0.888889
d13        9 4104.590000 0.020000 0.792708 0.751250 1.000000 0.857959
d14        3 2796.970000 0.020000 0.998958 0.998750 1.000000 0.999375
d15       12 6935.040000 0.040000 0.558333 0.548750 0.874502 0.674347
d16        6 5148.030000 0.030000 0.691667 0.702500 0.906452 0.791549
d17        2 4766.480000 0.030000 0.958333 0.950000 1.000000 0.974359
d18       11 7209.580000 0.030000 0.821875 0.806250 0.975794 0.882957
d19        5 4196.040000 0.040000 0.876042 0.861250 0.988522 0.920508
d20        8 7384.000000 0.030000 0.780208 0.736250 1.000000 0.848092
d21        1 10539.180000 0.020000 0.962500 1.000000 0.956938 0.977995
d01       23 6147.890000 0.040000 0.997917 0.997500 1.000000 0.998748
d02       17 5270.920000 0.040000 0.948958 0.941250 0.997351 0.968489
d03       11 6273.790000 0.050000 0.517708 0.498750 0.865510 0.632831
d04       10 3123.050000 0.040000 1.000000 1.000000 1.000000 1.000000
d05       21 4485.720000 0.040000 0.996875 0.996250 1.000000 0.998121
d06       25 5224.510000 0.040000 1.000000 1.000000 1.000000 1.000000
d07        7 3497.120000 0.030000 1.000000 1.000000 1.000000 1.000000
d08       12 4873.650000 0.030000 0.730208 0.676250 1.000000 0.806861
d09       11 11268.860000 0.040000 0.469792 0.413750 0.892183 0.565329
d10        7 4277.610000 0.000000 0.621875 0.563750 0.969892 0.713043
d11        2 3616.610000 0.060000 0.819792 0.785000 0.998410 0.878936
d12       10 4391.210000 0.020000 0.866667 0.840000 1.000000 0.913043
d13       11 4784.690000 0.040000 0.617708 0.541250 1.000000 0.702352
d14        2 2829.640000 0.040000 0.998958 0.998750 1.000000 0.999375
d15       12 12562.750000 0.050000 0.536458 0.508750 0.886710 0.646545
d16        6 8261.260000 0.110000 0.771875 0.756250 0.961844 0.846746
d17        2 6376.570000 0.110000 0.954167 0.945000 1.000000 0.971722
d18        9 4862.460000 0.000000 0.845833 0.831250 0.980826 0.899865
d19        5 4104.650000 0.000000 0.895833 0.880000 0.994350 0.933687
d20        7 11857.750000 0.090000 0.881250 0.857500 1.000000 0.923284
d21        1 5310.730000 0.000000 0.962500 1.000000 0.956938 0.977995
d01       26 6516.070000 0.040000 0.994792 0.993750 1.000000 0.996865
d02       18 5454.050000 0.050000 0.959375 0.951250 1.000000 0.975016
d03       11 6654.070000 0.030000 0.486458 0.500000 0.811359 0.618716
d04       10 2984.940000 0.020000 0.998958 0.998750 1.000000 0.999375
d05       17 3940.190000 0.030000 0.997917 0.997500 1.000000 0.998748
d06       20 4584.690000 0.030000 0.826042 0.791250 1.000000 0.883461
d07       18 3564.080000 0.020000 1.000000 1.000000 1.000000 1.000000
d08       12 3546.870000 0.030000 0.730208 0.676250 1.000000 0.806861
d09       11 7396.150000 0.040000 0.536458 0.487500 0.917647 0.636735
d10        7 8015.530000 0.040000 0.710417 0.675000 0.967742 0.795287
d11        4 3067.840000 0.030000 0.754167 0.715000 0.986207 0.828986
d12        9 3276.650000 0.030000 0.916667 0.900000 1.000000 0.947368
d13        9 5642.480000 0.020000 0.736458 0.683750 1.000000 0.812175
d14        2 2704.870000 0.050000 0.998958 0.998750 1.000000 0.999375
d15       12 7100.950000 0.030000 0.486458 0.453750 0.866348 0.595570
d16        6 4721.980000 0.030000 0.741667 0.755000 0.920732 0.829670
d17        2 4123.560000 0.020000 0.962500 0.955000 1.000000 0.976982
d18       11 3659.210000 0.030000 0.791667 0.776250 0.967290 0.861304
d19        5 5268.700000 0.030000 0.885417 0.862500 1.000000 0.926174
d20        7 5165.240000 0.030000 0.868750 0.842500 1.000000 0.914518
d21        1 5598.310000 0.020000 0.961458 1.000000 0.955795 0.977398
d01       26 6084.420000 0.040000 0.995833 0.995000 1.000000 0.997494
d02       15 5628.910000 0.050000 0.960417 0.952500 1.000000 0.975672
d03       11 9352.300000 0.030000 0.491667 0.505000 0.814516 0.623457
d04       11 3233.760000 0.030000 1.000000 1.000000 1.000000 1.000000
d05       18 3853.100000 0.030000 0.998958 0.998750 1.000000 0.999375
d06       20 4922.690000 0.050000 1.000000 1.000000 1.000000 1.000000
d07       10 3706.740000 0.020000 0.998958 0.998750 1.000000 0.999375
d08        9 4682.640000 0.040000 0.748958 0.698750 1.000000 0.822664
d09       11 6669.750000 0.020000 0.473958 0.430000 0.875318 0.576697
d10        7 6078.790000 0.070000 0.670833 0.628750 0.963602 0.760968
d11        2 7912.640000 0.010000 0.832292 0.800000 0.998440 0.888272
d12       10 4595.950000 0.040000 0.895833 0.875000 1.000000 0.933333
d13       10 4887.100000 0.000000 0.689583 0.627500 1.000000 0.771121
d14        2 2876.420000 0.050000 0.998958 0.998750 1.000000 0.999375
d15       12 4710.780000 0.020000 0.548958 0.521250 0.892934 0.658248
d16        6 8383.800000 0.000000 0.794792 0.807500 0.937591 0.867696
d17        3 3642.390000 0.130000 0.958333 0.950000 1.000000 0.974359
d18       11 5711.600000 0.000000 0.804167 0.792500 0.966463 0.870879
d19        5 5163.720000 0.040000 0.906250 0.890000 0.997199 0.940555
d20        7 7223.040000 0.050000 0.872917 0.847500 1.000000 0.917456
d21        1 8351.390000 0.000000 0.965625 1.000000 0.960384 0.979792
d01       23 5861.650000 0.040000 0.997917 0.997500 1.000000 0.998748
d02       19 4906.960000 0.030000 0.977083 0.972500 1.000000 0.986058
d03       11 6664.460000 0.030000 0.559375 0.541250 0.885481 0.671839
d04       14 3068.590000 0.030000 1.000000 1.000000 1.000000 1.000000
d05       12 3552.830000 0.040000 0.998958 0.998750 1.000000 0.999375
d06       26 4932.320000 0.030000 1.000000 1.000000 1.000000 1.000000
d07       16 3667.640000 0.030000 0.998958 0.998750 1.000000 0.999375
d08       14 3860.790000 0.050000 0.613542 0.536250 1.000000 0.698129
d09       11 4450.380000 0.030000 0.414583 0.365000 0.843931 0.509599
d10        7 3609.940000 0.030000 0.672917 0.630000 0.965517 0.762481
d11        2 4244.820000 0.030000 0.807292 0.773750 0.993579 0.869993
d12       10 4752.260000 0.030000 0.884375 0.861250 1.000000 0.925453
d13       11 3710.400000 0.030000 0.690625 0.628750 1.000000 0.772064
d14        2 3053.240000 0.040000 0.998958 0.998750 1.000000 0.999375
d15       12 12151.340000 0.030000 0.476042 0.452500 0.847775 0.590057
d16        6 4902.630000 0.040000 0.735417 0.752500 0.914894 0.825789
d17        2 5830.740000 0.050000 0.957292 0.948750 1.000000 0.973701
d18       11 13130.130000 0.040000 0.892708 0.886250 0.983356 0.932281
d19        5 10355.800000 0.030000 0.876042 0.853750 0.997080 0.919865
d20        8 3718.450000 0.030000 0.718750 0.662500 1.000000 0.796992
d21        1 6406.480000 0.020000 0.959375 1.000000 0.953516 0.976205
d01       23 6397.120000 0.040000 0.996875 0.996250 1.000000 0.998121
d02       18 5384.750000 0.040000 0.963542 0.956250 1.000000 0.977636
d03       11 8254.430000 0.040000 0.477083 0.506250 0.791016 0.617378
d04        5 2737.040000 0.030000 0.998958 1.000000 0.998752 0.999375
d05       18 3484.340000 0.040000 0.998958 0.998750 1.000000 0.999375
d06       20 4023.850000 0.030000 1.000000 1.000000 1.000000 1.000000
d07       14 3144.560000 0.030000 0.998958 0.998750 1.000000 0.999375
d08       11 3591.320000 0.030000 0.786458 0.743750 1.000000 0.853047
d09       11 6919.620000 0.030000 0.460417 0.436250 0.838942 0.574013
d10        7 6816.440000 0.040000 0.686458 0.640000 0.975238 0.772830
d11        2 5432.680000 0.010000 0.825000 0.790000 1.000000 0.882682
d12       11 3641.210000 0.030000 0.904167 0.885000 1.000000 0.938992
d13       10 3697.720000 0.040000 0.572917 0.487500 1.000000 0.655462
d14        2 3042.970000 0.010000 0.998958 0.998750 1.000000 0.999375
d15       12 6358.520000 0.000000 0.554167 0.533750 0.885892 0.666147
d16        5 5546.930000 0.000000 0.703125 0.682500 0.946274 0.793028
d17        3 4628.450000 0.060000 0.967708 0.961250 1.000000 0.980242
d18       10 3581.540000 0.020000 0.651042 0.596250 0.975460 0.740109
d19        5 4106.650000 0.040000 0.859375 0.833750 0.997010 0.908101
d20        7 5027.200000 0.000000 0.878125 0.853750 1.000000 0.921106
d21        1 5864.720000 0.010000 0.963542 1.000000 0.958084 0.978593
d01       24 5423.170000 0.050000 0.994792 0.993750 1.000000 0.996865
d02       18 5094.210000 0.030000 0.980208 0.976250 1.000000 0.987982
d03       11 7155.920000 0.040000 0.484375 0.502500 0.805611 0.618938
d04        9 2883.230000 0.030000 1.000000 1.000000 1.000000 1.000000
d05       19 3620.340000 0.030000 0.997917 0.997500 1.000000 0.998748
d06       20 3865.260000 0.030000 1.000000 1.000000 1.000000 1.000000
d07       15 3246.960000 0.030000 0.998958 0.998750 1.000000 0.999375
d08       12 4495.220000 0.030000 0.648958 0.578750 1.000000 0.733175
d09       11 6050.750000 0.040000 0.438542 0.377500 0.880466 0.528434
d10        7 5867.400000 0.040000 0.636458 0.583750 0.966874 0.727981
d11        2 4992.920000 0.030000 0.803125 0.766250 0.996748 0.866431
d12       12 4408.550000 0.020000 0.896875 0.876250 1.000000 0.934044
d13       10 3826.490000 0.020000 0.796875 0.756250 1.000000 0.861210
d14        3 2798.070000 0.020000 0.998958 0.998750 1.000000 0.999375
d15       12 7240.940000 0.020000 0.547917 0.542500 0.864542 0.666667
d16        5 3417.840000 0.020000 0.736458 0.717500 0.955075 0.819415
d17        2 5458.860000 0.010000 0.952083 0.942500 1.000000 0.970399
d18       10 5897.190000 0.000000 0.873958 0.860000 0.987088 0.919172
d19        5 3755.680000 0.030000 0.895833 0.877500 0.997159 0.933511
d20        7 6207.780000 0.100000 0.851042 0.821250 1.000000 0.901853
d21        2 10039.910000 0.000000 0.581250 0.547500 0.916318 0.685446
