d01       30 4948.490000 0.050000 0.995833 0.995000 1.000000 0.997494
d02       18 4821.110000 0.040000 0.965625 0.961250 0.997406 0.978994
d03       11 4173.700000 0.030000 0.477083 0.487500 0.809129 0.608424
d04       11 2913.520000 0.020000 1.000000 1.000000 1.000000 1.000000
d05       17 3390.880000 0.030000 0.997917 0.997500 1.000000 0.998748
d06       24 4137.790000 0.030000 1.000000 1.000000 1.000000 1.000000
d07       10 3041.180000 0.030000 1.000000 1.000000 1.000000 1.000000
d08       11 4474.480000 0.030000 0.690625 0.628750 1.000000 0.772064
d09       11 5678.980000 0.030000 0.445833 0.381250 0.891813 0.534151
d10        6 3167.150000 0.030000 0.617708 0.555000 0.975824 0.707570
d11        2 3423.840000 0.030000 0.810417 0.772500 1.000000 0.871650
d12        9 4022.350000 0.030000 0.876042 0.851250 1.000000 0.919649
d13       13 3965.900000 0.020000 0.653125 0.585000 0.997868 0.737589
d14        3 2669.310000 0.030000 0.998958 0.998750 1.000000 0.999375
d15       12 10193.300000 0.020000 0.505208 0.487500 0.857143 0.621514
d16        6 3319.510000 0.030000 0.716667 0.702500 0.942953 0.805158
d17        9 4809.330000 0.030000 0.850000 0.820000 1.000000 0.901099
d18       16 5073.020000 0.030000 0.843750 0.837500 0.971014 0.899329
d19        5 3793.090000 0.020000 0.887500 0.866250 0.998559 0.927711
d20        8 5120.240000 0.040000 0.701042 0.642500 0.998058 0.781749
d21        1 6160.490000 0.020000 0.966667 1.000000 0.961538 0.980392
d01       23 5310.440000 0.050000 0.997917 0.997500 1.000000 0.998748
d02       19 4546.630000 0.040000 0.977083 0.972500 1.000000 0.986058
d03       11 6390.080000 0.030000 0.559375 0.541250 0.885481 0.671839
d04       14 2919.470000 0.030000 1.000000 1.000000 1.000000 1.000000
d05       12 3368.980000 0.030000 0.998958 0.998750 1.000000 0.999375
d06       26 4452.410000 0.040000 1.000000 1.000000 1.000000 1.000000
d07       16 3313.070000 0.030000 0.998958 0.998750 1.000000 0.999375
d08       14 3587.180000 0.020000 0.613542 0.536250 1.000000 0.698129
d09       11 4223.090000 0.020000 0.414583 0.365000 0.843931 0.509599
d10        7 3476.470000 0.030000 0.672917 0.630000 0.965517 0.762481
d11        2 4011.360000 0.020000 0.807292 0.773750 0.993579 0.869993
d12       10 4490.480000 0.030000 0.884375 0.861250 1.000000 0.925453
d13       11 3523.590000 0.030000 0.690625 0.628750 1.000000 0.772064
d14        2 2908.030000 0.020000 0.998958 0.998750 1.000000 0.999375
d15       12 11496.670000 0.030000 0.476042 0.452500 0.847775 0.590057
d16        6 4777.720000 0.030000 0.735417 0.752500 0.914894 0.825789
d17        2 5652.590000 0.030000 0.957292 0.948750 1.000000 0.973701
d18       11 12508.170000 0.030000 0.892708 0.886250 0.983356 0.932281
d19        5 10202.570000 0.020000 0.876042 0.853750 0.997080 0.919865
d20        8 3625.660000 0.030000 0.718750 0.662500 1.000000 0.796992
d21        1 6030.150000 0.020000 0.959375 1.000000 0.953516 0.976205
