d01       15 4298.550000 0.060000 0.996875 0.996250 1.000000 0.998121
d02        8 2750.020000 0.020000 0.960417 0.952500 1.000000 0.975672
d03       11 3229.740000 0.050000 0.472917 0.478750 0.811441 0.602201
d04        1 269.140000 0.020000 1.000000 1.000000 1.000000 1.000000
d05        8 4562.340000 0.040000 0.705208 0.656250 0.984991 0.787697
d06        1 258.180000 0.030000 0.997917 0.997500 1.000000 0.998748
d07        1 265.340000 0.030000 1.000000 1.000000 1.000000 1.000000
d08        5 2610.590000 0.050000 0.832292 0.798750 1.000000 0.888117
d09        6 4395.970000 0.040000 0.531250 0.482500 0.914692 0.631751
d10        5 523.490000 0.050000 0.685417 0.625000 0.996016 0.768049
d11        2 361.120000 0.030000 0.809375 0.771250 1.000000 0.870854
d12        7 2187.750000 0.030000 0.902083 0.882500 1.000000 0.937583
d13        8 2042.380000 0.050000 0.666667 0.600000 1.000000 0.750000
d14        2 378.740000 0.030000 0.998958 0.998750 1.000000 0.999375
d15        8 3529.390000 0.040000 0.507292 0.491250 0.856209 0.624305
d16        6 4059.520000 0.030000 0.780208 0.793750 0.932452 0.857529
d17        2 476.220000 0.030000 0.947917 0.937500 1.000000 0.967742
d18        3 669.700000 0.030000 0.897917 0.877500 1.000000 0.934754
d19        2 469.160000 0.040000 0.829167 0.812500 0.978916 0.887978
d20        4 686.550000 0.020000 0.832292 0.798750 1.000000 0.888117
d21        1 270.540000 0.020000 0.962500 1.000000 0.956938 0.977995
d01       21 4870.140000 0.050000 0.996875 0.996250 1.000000 0.998121
d02        7 2507.710000 0.040000 0.958333 0.950000 1.000000 0.974359
d03       11 3232.530000 0.050000 0.472917 0.478750 0.811441 0.602201
d04        1 268.070000 0.030000 1.000000 1.000000 1.000000 1.000000
d05        8 3675.270000 0.030000 0.705208 0.656250 0.984991 0.787697
d06        1 247.520000 0.020000 0.997917 0.997500 1.000000 0.998748
d07        1 252.760000 0.020000 1.000000 1.000000 1.000000 1.000000
d08        5 1973.840000 0.020000 0.832292 0.798750 1.000000 0.888117
d09        6 3252.960000 0.030000 0.531250 0.482500 0.914692 0.631751
d10        5 390.150000 0.050000 0.685417 0.625000 0.996016 0.768049
d11        2 311.230000 0.020000 0.809375 0.771250 1.000000 0.870854
d12        7 1690.460000 0.020000 0.902083 0.882500 1.000000 0.937583
d13        8 1598.820000 0.040000 0.666667 0.600000 1.000000 0.750000
d14        2 318.020000 0.030000 0.998958 0.998750 1.000000 0.999375
d15        8 2811.260000 0.030000 0.507292 0.491250 0.856209 0.624305
d16        6 3004.750000 0.030000 0.780208 0.793750 0.932452 0.857529
d17        2 399.340000 0.020000 0.947917 0.937500 1.000000 0.967742
d18        3 518.410000 0.030000 0.897917 0.877500 1.000000 0.934754
d19        2 401.660000 0.030000 0.829167 0.812500 0.978916 0.887978
d20        4 518.310000 0.020000 0.832292 0.798750 1.000000 0.888117
d21        1 259.360000 0.030000 0.962500 1.000000 0.956938 0.977995
d01       21 3991.080000 0.060000 0.996875 0.996250 1.000000 0.998121
d02        7 2004.240000 0.030000 0.958333 0.950000 1.000000 0.974359
d03       11 2564.290000 0.030000 0.472917 0.478750 0.811441 0.602201
d04        1 246.950000 0.020000 1.000000 1.000000 1.000000 1.000000
d05        8 3574.250000 0.040000 0.705208 0.656250 0.984991 0.787697
d06        1 238.520000 0.020000 0.997917 0.997500 1.000000 0.998748
d07        1 251.290000 0.020000 1.000000 1.000000 1.000000 1.000000
d08        5 1950.240000 0.030000 0.832292 0.798750 1.000000 0.888117
d09        6 3191.540000 0.030000 0.531250 0.482500 0.914692 0.631751
d10        5 394.380000 0.030000 0.685417 0.625000 0.996016 0.768049
d11        2 317.950000 0.030000 0.809375 0.771250 1.000000 0.870854
d12        7 1692.010000 0.030000 0.902083 0.882500 1.000000 0.937583
d13        8 1611.860000 0.030000 0.666667 0.600000 1.000000 0.750000
d14        2 325.350000 0.030000 0.998958 0.998750 1.000000 0.999375
d15        8 2824.290000 0.040000 0.507292 0.491250 0.856209 0.624305
d16        6 2998.180000 0.030000 0.780208 0.793750 0.932452 0.857529
d17        2 416.760000 0.020000 0.947917 0.937500 1.000000 0.967742
d18        3 545.750000 0.020000 0.897917 0.877500 1.000000 0.934754
d19        2 416.640000 0.030000 0.829167 0.812500 0.978916 0.887978
d20        4 523.970000 0.050000 0.832292 0.798750 1.000000 0.888117
d21        1 257.130000 0.020000 0.962500 1.000000 0.956938 0.977995
d01       11 2095.050000 0.030000 0.997917 0.997500 1.000000 0.998748
d02        8 1932.380000 0.040000 0.954167 0.945000 1.000000 0.971722
d03       12 2267.160000 0.030000 0.596875 0.587500 0.891841 0.708365
d04        1 243.520000 0.020000 1.000000 1.000000 1.000000 1.000000
d05        8 3582.320000 0.020000 0.705208 0.656250 0.984991 0.787697
d06        1 237.900000 0.030000 0.997917 0.997500 1.000000 0.998748
d07        1 244.030000 0.050000 1.000000 1.000000 1.000000 1.000000
d08        5 1930.180000 0.030000 0.832292 0.798750 1.000000 0.888117
d09        6 3234.070000 0.020000 0.531250 0.482500 0.914692 0.631751
d10        5 386.600000 0.020000 0.685417 0.625000 0.996016 0.768049
d11        2 312.420000 0.020000 0.809375 0.771250 1.000000 0.870854
d12        7 1681.810000 0.030000 0.902083 0.882500 1.000000 0.937583
d13        8 1600.640000 0.030000 0.666667 0.600000 1.000000 0.750000
d14        2 323.710000 0.030000 0.998958 0.998750 1.000000 0.999375
d15        8 2768.980000 0.020000 0.507292 0.491250 0.856209 0.624305
d16        6 3016.610000 0.020000 0.780208 0.793750 0.932452 0.857529
d17        2 404.200000 0.020000 0.947917 0.937500 1.000000 0.967742
d18        3 528.580000 0.030000 0.897917 0.877500 1.000000 0.934754
d19        2 401.460000 0.030000 0.829167 0.812500 0.978916 0.887978
d20        4 513.060000 0.030000 0.832292 0.798750 1.000000 0.888117
d21        1 254.790000 0.020000 0.962500 1.000000 0.956938 0.977995
d01        6 1951.920000 0.040000 0.996875 0.996250 1.000000 0.998121
d02        8 2006.610000 0.030000 0.959375 0.951250 1.000000 0.975016
d03       11 3230.010000 0.030000 0.487500 0.496250 0.816872 0.617418
d04        1 252.460000 0.020000 1.000000 1.000000 1.000000 1.000000
d05        9 3752.310000 0.030000 0.706250 0.653750 0.990530 0.787651
d06        1 242.870000 0.020000 1.000000 1.000000 1.000000 1.000000
d07        4 1312.570000 0.020000 0.998958 0.998750 1.000000 0.999375
d08        5 1890.630000 0.020000 0.857292 0.828750 1.000000 0.906357
d09        6 2778.430000 0.030000 0.537500 0.505000 0.893805 0.645367
d10        6 1874.120000 0.030000 0.711458 0.678750 0.964476 0.796772
d11        2 312.530000 0.030000 0.809375 0.771250 1.000000 0.870854
d12        7 1694.040000 0.030000 0.902083 0.882500 1.000000 0.937583
d13        8 1606.760000 0.030000 0.666667 0.600000 1.000000 0.750000
d14        2 311.460000 0.020000 0.998958 0.998750 1.000000 0.999375
d15        8 2793.790000 0.020000 0.507292 0.491250 0.856209 0.624305
d16        6 3018.560000 0.040000 0.780208 0.793750 0.932452 0.857529
d17        2 409.700000 0.020000 0.947917 0.937500 1.000000 0.967742
d18        3 526.690000 0.020000 0.897917 0.877500 1.000000 0.934754
d19        2 408.580000 0.040000 0.829167 0.812500 0.978916 0.887978
d20        4 509.710000 0.030000 0.832292 0.798750 1.000000 0.888117
d21        1 259.520000 0.030000 0.962500 1.000000 0.956938 0.977995
d01       11 2774.150000 0.030000 0.997917 0.997500 1.000000 0.998748
d02        7 2499.590000 0.030000 0.967708 0.961250 1.000000 0.980242
d03       11 2694.630000 0.040000 0.513542 0.482500 0.879271 0.623083
d04        1 254.910000 0.040000 1.000000 1.000000 1.000000 1.000000
d05        9 3778.720000 0.050000 0.706250 0.653750 0.990530 0.787651
d06        1 241.410000 0.020000 1.000000 1.000000 1.000000 1.000000
d07        4 1313.760000 0.030000 0.998958 0.998750 1.000000 0.999375
d08        5 1891.610000 0.030000 0.857292 0.828750 1.000000 0.906357
d09        6 2763.820000 0.020000 0.537500 0.505000 0.893805 0.645367
d10        6 1870.580000 0.030000 0.711458 0.678750 0.964476 0.796772
d11        2 308.700000 0.020000 0.809375 0.771250 1.000000 0.870854
d12        7 1657.900000 0.030000 0.902083 0.882500 1.000000 0.937583
d13        8 1584.530000 0.040000 0.666667 0.600000 1.000000 0.750000
d14        2 323.130000 0.020000 0.998958 0.998750 1.000000 0.999375
d15        8 2809.500000 0.040000 0.507292 0.491250 0.856209 0.624305
d16        6 3013.270000 0.020000 0.780208 0.793750 0.932452 0.857529
d17        2 409.520000 0.030000 0.947917 0.937500 1.000000 0.967742
d18        3 532.220000 0.020000 0.897917 0.877500 1.000000 0.934754
d19        2 412.110000 0.030000 0.829167 0.812500 0.978916 0.887978
d20        4 521.740000 0.030000 0.832292 0.798750 1.000000 0.888117
d21        1 257.210000 0.020000 0.962500 1.000000 0.956938 0.977995
d01        6 1944.340000 0.030000 0.996875 0.996250 1.000000 0.998121
d02        8 1959.410000 0.040000 0.959375 0.951250 1.000000 0.975016
d03       11 3134.400000 0.030000 0.487500 0.496250 0.816872 0.617418
d04        1 215.850000 0.020000 1.000000 1.000000 1.000000 1.000000
d05        9 3639.130000 0.030000 0.706250 0.653750 0.990530 0.787651
d06        1 203.950000 0.030000 1.000000 1.000000 1.000000 1.000000
d07        4 1288.540000 0.030000 0.998958 0.998750 1.000000 0.999375
d08        5 1869.680000 0.030000 0.857292 0.828750 1.000000 0.906357
d09        6 2735.630000 0.020000 0.537500 0.505000 0.893805 0.645367
d10        6 1839.100000 0.020000 0.711458 0.678750 0.964476 0.796772
d11        2 277.040000 0.030000 0.809375 0.771250 1.000000 0.870854
d12        7 1643.140000 0.030000 0.902083 0.882500 1.000000 0.937583
d13        8 1557.530000 0.030000 0.666667 0.600000 1.000000 0.750000
d14        2 285.280000 0.020000 0.998958 0.998750 1.000000 0.999375
d15        8 2710.010000 0.030000 0.507292 0.491250 0.856209 0.624305
d16        6 2972.670000 0.030000 0.780208 0.793750 0.932452 0.857529
d17        2 364.490000 0.030000 0.947917 0.937500 1.000000 0.967742
d18        3 490.360000 0.030000 0.897917 0.877500 1.000000 0.934754
d19        2 363.070000 0.030000 0.829167 0.812500 0.978916 0.887978
d20        4 501.040000 0.020000 0.832292 0.798750 1.000000 0.888117
d21        1 219.180000 0.020000 0.962500 1.000000 0.956938 0.977995
d01       20 3311.200000 0.050000 0.997917 0.997500 1.000000 0.998748
d02        8 1993.530000 0.040000 0.967708 0.961250 1.000000 0.980242
d03       11 2565.810000 0.030000 0.518750 0.542500 0.818868 0.652632
d04        1 215.510000 0.020000 1.000000 1.000000 1.000000 1.000000
d05        8 3482.750000 0.020000 0.705208 0.656250 0.984991 0.787697
d06        1 208.730000 0.030000 0.997917 0.997500 1.000000 0.998748
d07        1 214.310000 0.030000 1.000000 1.000000 1.000000 1.000000
d08        5 1947.450000 0.030000 0.832292 0.798750 1.000000 0.888117
d09        6 3237.420000 0.030000 0.531250 0.482500 0.914692 0.631751
d10        5 387.700000 0.020000 0.685417 0.625000 0.996016 0.768049
d11        2 277.160000 0.020000 0.809375 0.771250 1.000000 0.870854
d12        7 1649.140000 0.030000 0.902083 0.882500 1.000000 0.937583
d13        8 1557.220000 0.030000 0.666667 0.600000 1.000000 0.750000
d14        2 285.760000 0.030000 0.998958 0.998750 1.000000 0.999375
d15        8 2718.060000 0.040000 0.507292 0.491250 0.856209 0.624305
d16        6 2977.700000 0.030000 0.780208 0.793750 0.932452 0.857529
d17        2 364.490000 0.020000 0.947917 0.937500 1.000000 0.967742
d18        3 489.370000 0.030000 0.897917 0.877500 1.000000 0.934754
d19        2 362.800000 0.020000 0.829167 0.812500 0.978916 0.887978
d20        4 500.990000 0.020000 0.832292 0.798750 1.000000 0.888117
d21        1 219.140000 0.020000 0.962500 1.000000 0.956938 0.977995
d01       22 3021.340000 0.050000 0.996875 0.996250 1.000000 0.998121
d02        7 2148.890000 0.030000 0.976042 0.971250 1.000000 0.985415
d03       11 4653.020000 0.030000 0.505208 0.481250 0.865169 0.618474
d04        1 205.320000 0.030000 1.000000 1.000000 1.000000 1.000000
d05        7 4371.970000 0.020000 0.694792 0.643750 0.984704 0.778534
d06        1 215.010000 0.020000 0.997917 0.997500 1.000000 0.998748
d07        1 214.640000 0.020000 1.000000 1.000000 1.000000 1.000000
d08        5 1945.950000 0.020000 0.832292 0.798750 1.000000 0.888117
d09        6 3241.070000 0.030000 0.531250 0.482500 0.914692 0.631751
d10        5 389.180000 0.030000 0.685417 0.625000 0.996016 0.768049
d11        2 277.140000 0.030000 0.809375 0.771250 1.000000 0.870854
d12        7 1646.230000 0.030000 0.902083 0.882500 1.000000 0.937583
d13        8 1559.010000 0.030000 0.666667 0.600000 1.000000 0.750000
d14        2 285.500000 0.030000 0.998958 0.998750 1.000000 0.999375
d15        8 2718.490000 0.030000 0.507292 0.491250 0.856209 0.624305
d16        6 2981.270000 0.040000 0.780208 0.793750 0.932452 0.857529
d17        2 364.440000 0.020000 0.947917 0.937500 1.000000 0.967742
d18        3 490.860000 0.020000 0.897917 0.877500 1.000000 0.934754
d19        2 363.600000 0.020000 0.829167 0.812500 0.978916 0.887978
d20        4 501.410000 0.030000 0.832292 0.798750 1.000000 0.888117
d21        1 218.960000 0.030000 0.962500 1.000000 0.956938 0.977995
d01       21 3599.260000 0.040000 0.996875 0.996250 1.000000 0.998121
d02        7 1929.910000 0.040000 0.958333 0.950000 1.000000 0.974359
d03       11 2489.150000 0.030000 0.472917 0.478750 0.811441 0.602201
d04        1 216.120000 0.020000 1.000000 1.000000 1.000000 1.000000
d05        8 3491.050000 0.030000 0.705208 0.656250 0.984991 0.787697
d06        1 209.020000 0.020000 0.997917 0.997500 1.000000 0.998748
d07        1 215.130000 0.020000 1.000000 1.000000 1.000000 1.000000
d08        5 1944.120000 0.020000 0.832292 0.798750 1.000000 0.888117
d09        6 3232.760000 0.030000 0.531250 0.482500 0.914692 0.631751
d10        5 388.880000 0.030000 0.685417 0.625000 0.996016 0.768049
d11        2 278.140000 0.030000 0.809375 0.771250 1.000000 0.870854
d12        7 1647.200000 0.040000 0.902083 0.882500 1.000000 0.937583
d13        8 1554.360000 0.030000 0.666667 0.600000 1.000000 0.750000
d14        2 285.560000 0.020000 0.998958 0.998750 1.000000 0.999375
d15        8 2715.540000 0.020000 0.507292 0.491250 0.856209 0.624305
d16        6 2974.660000 0.030000 0.780208 0.793750 0.932452 0.857529
d17        2 364.660000 0.020000 0.947917 0.937500 1.000000 0.967742
d18        3 489.610000 0.020000 0.897917 0.877500 1.000000 0.934754
d19        2 363.420000 0.020000 0.829167 0.812500 0.978916 0.887978
d20        4 500.270000 0.030000 0.832292 0.798750 1.000000 0.888117
d21        1 220.030000 0.020000 0.962500 1.000000 0.956938 0.977995
