d01       21 3001.910000 0.040000 0.997917 0.997500 1.000000 0.998748
d02        1 240.470000 0.030000 0.986458 0.985000 0.998733 0.991819
d03       10 1761.260000 0.030000 0.555208 0.548750 0.869307 0.672797
d04        1 209.050000 0.030000 0.998958 0.998750 1.000000 0.999375
d05        7 2108.980000 0.030000 0.719792 0.673750 0.985375 0.800297
d06        1 215.370000 0.030000 0.997917 0.997500 1.000000 0.998748
d07        1 214.170000 0.060000 1.000000 1.000000 1.000000 1.000000
d08        5 1957.840000 0.030000 0.832292 0.798750 1.000000 0.888117
d09        6 3271.180000 0.030000 0.531250 0.482500 0.914692 0.631751
d10        5 393.020000 0.030000 0.685417 0.625000 0.996016 0.768049
d11        2 282.610000 0.020000 0.809375 0.771250 1.000000 0.870854
d12        7 1733.850000 0.030000 0.902083 0.882500 1.000000 0.937583
d13        8 1626.270000 0.030000 0.666667 0.600000 1.000000 0.750000
d14        2 289.500000 0.020000 0.998958 0.998750 1.000000 0.999375
d15        8 2751.320000 0.020000 0.507292 0.491250 0.856209 0.624305
d16        6 3037.900000 0.030000 0.780208 0.793750 0.932452 0.857529
d17        2 370.690000 0.020000 0.947917 0.937500 1.000000 0.967742
d18        3 502.930000 0.030000 0.897917 0.877500 1.000000 0.934754
d19        2 367.860000 0.030000 0.829167 0.812500 0.978916 0.887978
d20        4 511.590000 0.020000 0.832292 0.798750 1.000000 0.888117
d21        1 222.870000 0.020000 0.962500 1.000000 0.956938 0.977995
d01        6 1893.550000 0.030000 0.996875 0.996250 1.000000 0.998121
d02        8 1946.140000 0.020000 0.959375 0.951250 1.000000 0.975016
d03       11 3133.100000 0.030000 0.487500 0.496250 0.816872 0.617418
d04        1 236.360000 0.020000 1.000000 1.000000 1.000000 1.000000
d05        9 3587.090000 0.020000 0.706250 0.653750 0.990530 0.787651
d06        1 225.700000 0.020000 1.000000 1.000000 1.000000 1.000000
d07        4 1266.950000 0.020000 0.998958 0.998750 1.000000 0.999375
d08        5 1866.840000 0.030000 0.857292 0.828750 1.000000 0.906357
d09        6 2741.670000 0.020000 0.537500 0.505000 0.893805 0.645367
d10        6 1849.790000 0.060000 0.711458 0.678750 0.964476 0.796772
d11        2 307.220000 0.050000 0.809375 0.771250 1.000000 0.870854
d12        7 1650.240000 0.020000 0.902083 0.882500 1.000000 0.937583
d13        8 1578.540000 0.030000 0.666667 0.600000 1.000000 0.750000
d14        2 306.360000 0.020000 0.998958 0.998750 1.000000 0.999375
d15        8 2706.030000 0.030000 0.507292 0.491250 0.856209 0.624305
d16        6 2915.130000 0.020000 0.780208 0.793750 0.932452 0.857529
d17        2 387.340000 0.020000 0.947917 0.937500 1.000000 0.967742
d18        3 514.480000 0.030000 0.897917 0.877500 1.000000 0.934754
d19        2 384.170000 0.020000 0.829167 0.812500 0.978916 0.887978
d20        4 504.940000 0.020000 0.832292 0.798750 1.000000 0.888117
d21        1 244.430000 0.020000 0.962500 1.000000 0.956938 0.977995
