d01       11 2385.240000 0.040000 0.996875 0.996250 1.000000 0.998121
d02        7 1592.550000 0.030000 0.968750 0.962500 1.000000 0.980892
d03       11 3151.880000 0.020000 0.482292 0.483750 0.821656 0.608969
d04        1 216.780000 0.030000 1.000000 1.000000 1.000000 1.000000
d05        7 2804.700000 0.040000 0.721875 0.677500 0.983666 0.802369
d06        1 202.780000 0.020000 0.997917 0.997500 1.000000 0.998748
d07        4 1218.610000 0.020000 0.998958 0.998750 1.000000 0.999375
d08        8 1665.360000 0.030000 0.653125 0.583750 1.000000 0.737174
d09        5 1924.800000 0.030000 0.527083 0.472500 0.921951 0.624793
d10        5 494.580000 0.030000 0.682292 0.630000 0.982456 0.767708
d11        2 368.740000 0.020000 0.829167 0.805000 0.987730 0.887052
d12        5 1685.300000 0.030000 0.851042 0.821250 1.000000 0.901853
d13       10 1729.600000 0.030000 0.805208 0.766250 1.000000 0.867657
d14        2 289.330000 0.020000 0.998958 0.998750 1.000000 0.999375
d15        6 1544.140000 0.030000 0.572917 0.568750 0.875000 0.689394
d16        3 377.200000 0.030000 0.847917 0.865000 0.947945 0.904575
d17        2 306.300000 0.020000 0.962500 0.955000 1.000000 0.976982
d18        2 695.970000 0.030000 0.295833 0.155000 1.000000 0.268398
d19        2 292.070000 0.020000 0.823958 0.808750 0.975867 0.884484
d20        4 654.770000 0.030000 0.854167 0.826250 0.998489 0.904241
d21        1 218.470000 0.020000 0.962500 1.000000 0.956938 0.977995
d01        9 1731.020000 0.040000 0.995833 0.995000 1.000000 0.997494
d02       11 2066.850000 0.040000 0.970833 0.965000 1.000000 0.982188
d03       10 2642.310000 0.020000 0.519792 0.498750 0.869281 0.633836
d04        1 221.780000 0.020000 1.000000 1.000000 1.000000 1.000000
d05        7 2817.620000 0.020000 0.721875 0.677500 0.983666 0.802369
d06        1 203.540000 0.030000 0.997917 0.997500 1.000000 0.998748
d07        4 1238.440000 0.030000 0.998958 0.998750 1.000000 0.999375
d08        8 1715.640000 0.020000 0.653125 0.583750 1.000000 0.737174
d09        5 1923.510000 0.030000 0.527083 0.472500 0.921951 0.624793
d10        5 490.110000 0.020000 0.682292 0.630000 0.982456 0.767708
d11        2 364.400000 0.020000 0.829167 0.805000 0.987730 0.887052
d12        5 1655.620000 0.020000 0.851042 0.821250 1.000000 0.901853
d13       10 1680.500000 0.030000 0.805208 0.766250 1.000000 0.867657
d14        2 276.530000 0.020000 0.998958 0.998750 1.000000 0.999375
d15        6 1484.540000 0.030000 0.572917 0.568750 0.875000 0.689394
d16        3 365.280000 0.020000 0.847917 0.865000 0.947945 0.904575
d17        2 297.950000 0.020000 0.962500 0.955000 1.000000 0.976982
d18        2 691.380000 0.020000 0.295833 0.155000 1.000000 0.268398
d19        2 292.170000 0.020000 0.823958 0.808750 0.975867 0.884484
d20        4 656.390000 0.020000 0.854167 0.826250 0.998489 0.904241
d21        1 218.930000 0.030000 0.962500 1.000000 0.956938 0.977995
