d01        9 1774.820000 0.040000 0.997917 0.997500 1.000000 0.998748
d02        9 1890.280000 0.030000 0.967708 0.961250 1.000000 0.980242
d03       11 3178.770000 0.030000 0.547917 0.511250 0.904867 0.653355
d04        1 241.200000 0.040000 1.000000 1.000000 1.000000 1.000000
d05        7 2919.720000 0.040000 0.721875 0.677500 0.983666 0.802369
d06        1 239.670000 0.020000 0.997917 0.997500 1.000000 0.998748
d07        4 1263.140000 0.020000 0.998958 0.998750 1.000000 0.999375
d08        8 1732.450000 0.020000 0.653125 0.583750 1.000000 0.737174
d09        5 1990.560000 0.020000 0.527083 0.472500 0.921951 0.624793
d10        5 494.430000 0.040000 0.682292 0.630000 0.982456 0.767708
d11        2 414.610000 0.030000 0.829167 0.805000 0.987730 0.887052
d12        5 1671.920000 0.040000 0.851042 0.821250 1.000000 0.901853
d13       10 1741.650000 0.060000 0.805208 0.766250 1.000000 0.867657
d14        2 311.600000 0.040000 0.998958 0.998750 1.000000 0.999375
d15        6 1511.630000 0.020000 0.572917 0.568750 0.875000 0.689394
d16        3 407.060000 0.030000 0.847917 0.865000 0.947945 0.904575
d17        2 337.200000 0.020000 0.962500 0.955000 1.000000 0.976982
d18        2 773.440000 0.030000 0.295833 0.155000 1.000000 0.268398
d19        2 332.070000 0.030000 0.823958 0.808750 0.975867 0.884484
d20        4 704.120000 0.030000 0.854167 0.826250 0.998489 0.904241
d21        1 255.360000 0.020000 0.962500 1.000000 0.956938 0.977995
d01       10 3101.710000 0.060000 0.997917 0.997500 1.000000 0.998748
d02       11 2456.440000 0.030000 0.970833 0.965000 1.000000 0.982188
d03       10 3301.480000 0.040000 0.519792 0.498750 0.869281 0.633836
d04        1 269.120000 0.020000 1.000000 1.000000 1.000000 1.000000
d05        7 3647.380000 0.040000 0.721875 0.677500 0.983666 0.802369
d06        1 253.140000 0.030000 0.997917 0.997500 1.000000 0.998748
d07        4 1669.740000 0.020000 0.998958 0.998750 1.000000 0.999375
d08        8 2187.430000 0.020000 0.653125 0.583750 1.000000 0.737174
d09        5 2527.310000 0.020000 0.527083 0.472500 0.921951 0.624793
d10        5 657.080000 0.020000 0.682292 0.630000 0.982456 0.767708
d11        2 474.230000 0.040000 0.829167 0.805000 0.987730 0.887052
d12        5 2223.380000 0.030000 0.851042 0.821250 1.000000 0.901853
d13       10 2201.080000 0.040000 0.805208 0.766250 1.000000 0.867657
d14        2 361.010000 0.030000 0.998958 0.998750 1.000000 0.999375
d15        6 2046.640000 0.030000 0.572917 0.568750 0.875000 0.689394
d16        3 505.280000 0.040000 0.847917 0.865000 0.947945 0.904575
d17        2 396.240000 0.030000 0.962500 0.955000 1.000000 0.976982
d18        2 922.690000 0.020000 0.295833 0.155000 1.000000 0.268398
d19        2 377.520000 0.020000 0.823958 0.808750 0.975867 0.884484
d20        4 875.350000 0.040000 0.854167 0.826250 0.998489 0.904241
d21        1 266.450000 0.030000 0.962500 1.000000 0.956938 0.977995
d01       10 2473.400000 0.050000 0.997917 0.997500 1.000000 0.998748
d02       11 1935.760000 0.030000 0.970833 0.965000 1.000000 0.982188
d03       10 2648.160000 0.020000 0.519792 0.498750 0.869281 0.633836
d04        1 255.550000 0.030000 1.000000 1.000000 1.000000 1.000000
d05        7 2885.570000 0.030000 0.721875 0.677500 0.983666 0.802369
d06        1 241.150000 0.020000 0.997917 0.997500 1.000000 0.998748
d07        4 1244.480000 0.020000 0.998958 0.998750 1.000000 0.999375
d08        8 1707.230000 0.030000 0.653125 0.583750 1.000000 0.737174
d09        5 1924.250000 0.020000 0.527083 0.472500 0.921951 0.624793
d10        5 487.520000 0.030000 0.682292 0.630000 0.982456 0.767708
d11        2 417.390000 0.020000 0.829167 0.805000 0.987730 0.887052
d12        5 1649.710000 0.020000 0.851042 0.821250 1.000000 0.901853
d13       10 1740.170000 0.060000 0.805208 0.766250 1.000000 0.867657
d14        2 313.640000 0.020000 0.998958 0.998750 1.000000 0.999375
d15        6 1514.470000 0.040000 0.572917 0.568750 0.875000 0.689394
d16        3 396.340000 0.020000 0.847917 0.865000 0.947945 0.904575
d17        2 333.490000 0.020000 0.962500 0.955000 1.000000 0.976982
d18        2 765.270000 0.020000 0.295833 0.155000 1.000000 0.268398
d19        2 330.260000 0.030000 0.823958 0.808750 0.975867 0.884484
d20        4 661.970000 0.020000 0.854167 0.826250 0.998489 0.904241
d21        1 256.660000 0.020000 0.962500 1.000000 0.956938 0.977995
d01       10 1889.300000 0.040000 0.997917 0.997500 1.000000 0.998748
d02        1 321.960000 0.040000 0.986458 0.983750 1.000000 0.991808
d03        9 4896.100000 0.040000 0.506250 0.503750 0.839583 0.629688
d04        1 249.720000 0.020000 1.000000 1.000000 1.000000 1.000000
d05        7 2871.370000 0.030000 0.721875 0.677500 0.983666 0.802369
d06        1 235.480000 0.030000 0.997917 0.997500 1.000000 0.998748
d07        4 1262.090000 0.040000 0.998958 0.998750 1.000000 0.999375
d08        8 1703.020000 0.030000 0.653125 0.583750 1.000000 0.737174
d09        5 1936.060000 0.040000 0.527083 0.472500 0.921951 0.624793
d10        5 491.730000 0.040000 0.682292 0.630000 0.982456 0.767708
d11        2 416.400000 0.030000 0.829167 0.805000 0.987730 0.887052
d12        5 1648.870000 0.030000 0.851042 0.821250 1.000000 0.901853
d13       10 1734.630000 0.020000 0.805208 0.766250 1.000000 0.867657
d14        2 318.000000 0.030000 0.998958 0.998750 1.000000 0.999375
d15        6 1496.540000 0.050000 0.572917 0.568750 0.875000 0.689394
d16        3 405.700000 0.060000 0.847917 0.865000 0.947945 0.904575
d17        2 336.890000 0.020000 0.962500 0.955000 1.000000 0.976982
d18        2 779.000000 0.030000 0.295833 0.155000 1.000000 0.268398
d19        2 332.970000 0.030000 0.823958 0.808750 0.975867 0.884484
d20        4 677.240000 0.020000 0.854167 0.826250 0.998489 0.904241
d21        1 255.010000 0.020000 0.962500 1.000000 0.956938 0.977995
d01        9 1660.670000 0.050000 0.995833 0.995000 1.000000 0.997494
d02       11 1979.080000 0.050000 0.970833 0.965000 1.000000 0.982188
d03       10 2635.350000 0.020000 0.519792 0.498750 0.869281 0.633836
d04        1 251.750000 0.020000 1.000000 1.000000 1.000000 1.000000
d05        7 2804.580000 0.030000 0.721875 0.677500 0.983666 0.802369
d06        1 227.530000 0.020000 0.997917 0.997500 1.000000 0.998748
d07        4 1214.200000 0.040000 0.998958 0.998750 1.000000 0.999375
d08        8 1630.200000 0.030000 0.653125 0.583750 1.000000 0.737174
d09        5 1942.320000 0.020000 0.527083 0.472500 0.921951 0.624793
d10        5 491.130000 0.030000 0.682292 0.630000 0.982456 0.767708
d11        2 414.360000 0.030000 0.829167 0.805000 0.987730 0.887052
d12        5 1667.250000 0.030000 0.851042 0.821250 1.000000 0.901853
d13       10 1750.370000 0.040000 0.805208 0.766250 1.000000 0.867657
d14        2 316.490000 0.030000 0.998958 0.998750 1.000000 0.999375
d15        6 1524.930000 0.030000 0.572917 0.568750 0.875000 0.689394
d16        3 402.040000 0.030000 0.847917 0.865000 0.947945 0.904575
d17        2 335.590000 0.020000 0.962500 0.955000 1.000000 0.976982
d18        2 772.040000 0.020000 0.295833 0.155000 1.000000 0.268398
d19        2 333.540000 0.040000 0.823958 0.808750 0.975867 0.884484
d20        4 674.050000 0.030000 0.854167 0.826250 0.998489 0.904241
d21        1 260.990000 0.030000 0.962500 1.000000 0.956938 0.977995
d01       10 1878.090000 0.040000 0.997917 0.997500 1.000000 0.998748
d02       11 1950.250000 0.020000 0.986458 0.983750 1.000000 0.991808
d03       10 2593.340000 0.020000 0.571875 0.590000 0.850450 0.696679
d04        1 247.530000 0.020000 1.000000 1.000000 1.000000 1.000000
d05        6 1768.750000 0.020000 0.759375 0.725000 0.981387 0.833932
d06        1 245.170000 0.020000 0.997917 0.997500 1.000000 0.998748
d07        1 258.820000 0.020000 1.000000 1.000000 1.000000 1.000000
d08        6 1642.560000 0.030000 0.815625 0.778750 1.000000 0.875615
d09        7 2007.050000 0.050000 0.515625 0.486250 0.878104 0.625905
d10        7 1547.770000 0.030000 0.613542 0.558750 0.961290 0.706719
d11        2 388.650000 0.020000 0.823958 0.790000 0.998420 0.882066
d12        6 1997.780000 0.030000 0.889583 0.867500 1.000000 0.929050
d13        7 1578.140000 0.050000 0.828125 0.793750 1.000000 0.885017
d14        2 309.060000 0.020000 0.998958 0.998750 1.000000 0.999375
d15        6 1862.830000 0.030000 0.536458 0.508750 0.886710 0.646545
d16        6 1955.900000 0.020000 0.716667 0.717500 0.925806 0.808451
d17        3 373.740000 0.020000 0.954167 0.945000 1.000000 0.971722
d18        2 410.870000 0.030000 0.878125 0.853750 1.000000 0.921106
d19        2 356.490000 0.020000 0.825000 0.813750 0.971642 0.885714
d20        4 384.140000 0.020000 0.852083 0.823750 0.998485 0.902740
d21        1 255.880000 0.020000 0.962500 1.000000 0.956938 0.977995
d01        9 1639.240000 0.040000 0.995833 0.995000 1.000000 0.997494
d02       11 1973.280000 0.040000 0.970833 0.965000 1.000000 0.982188
d03       10 2644.840000 0.020000 0.519792 0.498750 0.869281 0.633836
d04        1 255.810000 0.020000 1.000000 1.000000 1.000000 1.000000
d05        7 2863.720000 0.040000 0.721875 0.677500 0.983666 0.802369
d06        1 237.520000 0.020000 0.997917 0.997500 1.000000 0.998748
d07        4 1242.730000 0.020000 0.998958 0.998750 1.000000 0.999375
d08        8 1690.460000 0.030000 0.653125 0.583750 1.000000 0.737174
d09        5 1927.570000 0.040000 0.527083 0.472500 0.921951 0.624793
d10        5 486.180000 0.030000 0.682292 0.630000 0.982456 0.767708
d11        2 401.090000 0.020000 0.829167 0.805000 0.987730 0.887052
d12        5 1653.770000 0.030000 0.851042 0.821250 1.000000 0.901853
d13       10 1728.150000 0.020000 0.805208 0.766250 1.000000 0.867657
d14        2 315.910000 0.020000 0.998958 0.998750 1.000000 0.999375
d15        6 1501.720000 0.030000 0.572917 0.568750 0.875000 0.689394
d16        3 391.720000 0.020000 0.847917 0.865000 0.947945 0.904575
d17        2 324.930000 0.030000 0.962500 0.955000 1.000000 0.976982
d18        2 745.050000 0.030000 0.295833 0.155000 1.000000 0.268398
d19        2 315.800000 0.020000 0.823958 0.808750 0.975867 0.884484
d20        4 656.360000 0.030000 0.854167 0.826250 0.998489 0.904241
d21        1 246.010000 0.020000 0.962500 1.000000 0.956938 0.977995
