d01       21 3543.950000 0.040000 0.997917 0.997500 1.000000 0.998748
d02       10 2128.260000 0.030000 0.985417 0.982500 1.000000 0.991173
d03       10 2948.370000 0.030000 0.455208 0.453750 0.808463 0.581265
d04        1 265.520000 0.050000 0.998958 0.998750 1.000000 0.999375
d05        6 1329.700000 0.030000 0.998958 0.998750 1.000000 0.999375
d06        1 259.460000 0.030000 0.997917 0.997500 1.000000 0.998748
d07        1 277.780000 0.020000 1.000000 1.000000 1.000000 1.000000
d08       11 2565.220000 0.030000 0.726042 0.671250 1.000000 0.803291
d09        5 2800.730000 0.040000 0.632292 0.636250 0.891419 0.742524
d10        5 587.660000 0.050000 0.716667 0.676250 0.976534 0.799114
d11        2 439.330000 0.040000 0.834375 0.802500 0.998445 0.889813
d12        9 2263.130000 0.040000 0.877083 0.852500 1.000000 0.920378
d13        5 2448.480000 0.040000 0.783333 0.740000 1.000000 0.850575
d14        2 405.950000 0.030000 0.998958 0.998750 1.000000 0.999375
d15        6 3131.500000 0.040000 0.564583 0.546250 0.888211 0.676471
d16        6 2427.790000 0.050000 0.737500 0.748750 0.921538 0.826207
d17        2 765.210000 0.040000 0.925000 0.910000 1.000000 0.952880
d18        3 548.990000 0.040000 0.903125 0.883750 1.000000 0.938288
d19        5 2227.250000 0.040000 0.877083 0.855000 0.997085 0.920592
d20        4 655.780000 0.030000 0.832292 0.798750 1.000000 0.888117
d21        1 301.670000 0.020000 0.962500 1.000000 0.956938 0.977995
d01       15 4475.850000 0.050000 0.997917 0.997500 1.000000 0.998748
d02       10 2706.910000 0.030000 0.985417 0.982500 1.000000 0.991173
d03       10 3718.910000 0.040000 0.455208 0.453750 0.808463 0.581265
d04        1 300.070000 0.020000 0.998958 0.998750 1.000000 0.999375
d05        6 1807.640000 0.040000 0.998958 0.998750 1.000000 0.999375
d06        1 276.760000 0.030000 0.997917 0.997500 1.000000 0.998748
d07        1 297.430000 0.020000 1.000000 1.000000 1.000000 1.000000
d08       11 3028.760000 0.040000 0.726042 0.671250 1.000000 0.803291
d09        5 2888.680000 0.060000 0.632292 0.636250 0.891419 0.742524
d10        5 558.990000 0.030000 0.716667 0.676250 0.976534 0.799114
d11        2 420.840000 0.040000 0.834375 0.802500 0.998445 0.889813
d12        9 2257.630000 0.050000 0.877083 0.852500 1.000000 0.920378
d13        5 2504.730000 0.050000 0.783333 0.740000 1.000000 0.850575
d14        2 400.620000 0.020000 0.998958 0.998750 1.000000 0.999375
d15        6 3148.370000 0.040000 0.564583 0.546250 0.888211 0.676471
d16        6 2530.090000 0.040000 0.737500 0.748750 0.921538 0.826207
d17        2 806.160000 0.040000 0.925000 0.910000 1.000000 0.952880
d18        3 551.570000 0.040000 0.903125 0.883750 1.000000 0.938288
d19        5 2329.610000 0.050000 0.877083 0.855000 0.997085 0.920592
d20        4 669.810000 0.040000 0.832292 0.798750 1.000000 0.888117
d21        1 310.940000 0.030000 0.962500 1.000000 0.956938 0.977995
d01       15 3527.840000 0.040000 0.997917 0.997500 1.000000 0.998748
d02       10 2082.900000 0.030000 0.985417 0.982500 1.000000 0.991173
d03       10 2887.760000 0.050000 0.455208 0.453750 0.808463 0.581265
d04        1 264.870000 0.020000 0.998958 0.998750 1.000000 0.999375
d05        6 1282.320000 0.030000 0.998958 0.998750 1.000000 0.999375
d06        1 258.090000 0.020000 0.997917 0.997500 1.000000 0.998748
d07        1 271.960000 0.030000 1.000000 1.000000 1.000000 1.000000
d08       11 2326.830000 0.020000 0.726042 0.671250 1.000000 0.803291
d09        5 2073.760000 0.030000 0.632292 0.636250 0.891419 0.742524
d10        5 403.130000 0.050000 0.716667 0.676250 0.976534 0.799114
d11        2 360.610000 0.020000 0.834375 0.802500 0.998445 0.889813
d12        9 1776.860000 0.030000 0.877083 0.852500 1.000000 0.920378
d13        5 1776.000000 0.030000 0.783333 0.740000 1.000000 0.850575
d14        2 340.730000 0.030000 0.998958 0.998750 1.000000 0.999375
d15        6 2292.500000 0.030000 0.564583 0.546250 0.888211 0.676471
d16        6 1794.960000 0.020000 0.737500 0.748750 0.921538 0.826207
d17        2 665.850000 0.030000 0.925000 0.910000 1.000000 0.952880
d18        3 450.090000 0.020000 0.903125 0.883750 1.000000 0.938288
d19        5 1644.200000 0.040000 0.877083 0.855000 0.997085 0.920592
d20        4 499.890000 0.020000 0.832292 0.798750 1.000000 0.888117
d21        1 292.110000 0.020000 0.962500 1.000000 0.956938 0.977995
d01        8 2275.700000 0.040000 0.997917 0.997500 1.000000 0.998748
d02       11 2011.570000 0.030000 0.985417 0.982500 1.000000 0.991173
d03       10 2781.030000 0.040000 0.502083 0.498750 0.838235 0.625392
d04        1 273.580000 0.020000 1.000000 1.000000 1.000000 1.000000
d05        5 1279.200000 0.030000 0.996875 0.996250 1.000000 0.998121
d06        1 261.360000 0.040000 0.997917 0.997500 1.000000 0.998748
d07        3 346.360000 0.020000 1.000000 1.000000 1.000000 1.000000
d08        6 1886.800000 0.020000 0.842708 0.811250 1.000000 0.895790
d09        6 3682.080000 0.030000 0.517708 0.472500 0.902148 0.620180
d10        7 1649.700000 0.030000 0.667708 0.626250 0.961612 0.758516
d11        2 336.540000 0.030000 0.825000 0.791250 0.998423 0.882845
d12        9 2275.230000 0.040000 0.926042 0.911250 1.000000 0.953564
d13       10 2360.320000 0.030000 0.700000 0.640000 1.000000 0.780488
d14        2 380.830000 0.020000 0.998958 0.998750 1.000000 0.999375
d15        6 2800.170000 0.020000 0.560417 0.537500 0.892116 0.670827
d16        4 539.620000 0.040000 0.761458 0.776250 0.925484 0.844324
d17        2 605.650000 0.030000 0.946875 0.936250 1.000000 0.967076
d18        2 769.530000 0.030000 0.885417 0.862500 1.000000 0.926174
d19        5 1492.650000 0.030000 0.867708 0.853750 0.985570 0.914936
d20        4 510.130000 0.040000 0.828125 0.795000 0.998430 0.885177
d21        2 468.190000 0.030000 0.553125 0.507500 0.920635 0.654311
d01       17 4088.950000 0.050000 0.996875 0.996250 1.000000 0.998121
d02       12 2234.130000 0.050000 0.966667 0.960000 1.000000 0.979592
d03        8 2084.260000 0.040000 0.468750 0.473750 0.809829 0.597792
d04        1 282.820000 0.040000 0.998958 0.998750 1.000000 0.999375
d05        6 1279.850000 0.020000 0.998958 0.998750 1.000000 0.999375
d06        1 265.670000 0.020000 0.997917 0.997500 1.000000 0.998748
d07        1 282.850000 0.030000 1.000000 1.000000 1.000000 1.000000
d08       11 2366.730000 0.030000 0.726042 0.671250 1.000000 0.803291
d09        5 2109.180000 0.030000 0.632292 0.636250 0.891419 0.742524
d10        5 410.160000 0.020000 0.716667 0.676250 0.976534 0.799114
d11        2 364.830000 0.030000 0.834375 0.802500 0.998445 0.889813
d12        9 1797.300000 0.030000 0.877083 0.852500 1.000000 0.920378
d13        5 1802.990000 0.020000 0.783333 0.740000 1.000000 0.850575
d14        2 335.520000 0.020000 0.998958 0.998750 1.000000 0.999375
d15        6 2331.220000 0.030000 0.564583 0.546250 0.888211 0.676471
d16        6 1823.240000 0.030000 0.737500 0.748750 0.921538 0.826207
d17        2 665.170000 0.030000 0.925000 0.910000 1.000000 0.952880
d18        3 443.230000 0.030000 0.903125 0.883750 1.000000 0.938288
d19        5 1645.940000 0.030000 0.877083 0.855000 0.997085 0.920592
d20        4 496.760000 0.030000 0.832292 0.798750 1.000000 0.888117
d21        1 296.210000 0.030000 0.962500 1.000000 0.956938 0.977995
d01       16 3241.250000 0.040000 0.997917 0.997500 1.000000 0.998748
d02       14 2440.050000 0.040000 0.977083 0.972500 1.000000 0.986058
d03        8 2532.790000 0.030000 0.500000 0.513750 0.818725 0.631336
d04        1 273.710000 0.030000 1.000000 1.000000 1.000000 1.000000
d05        3 357.170000 0.030000 0.997917 0.997500 1.000000 0.998748
d06        1 276.950000 0.030000 0.997917 0.997500 1.000000 0.998748
d07        1 277.290000 0.030000 1.000000 1.000000 1.000000 1.000000
d08       11 2359.740000 0.030000 0.726042 0.671250 1.000000 0.803291
d09        5 2069.690000 0.020000 0.632292 0.636250 0.891419 0.742524
d10        5 404.480000 0.020000 0.716667 0.676250 0.976534 0.799114
d11        2 367.280000 0.020000 0.834375 0.802500 0.998445 0.889813
d12        9 1773.580000 0.020000 0.877083 0.852500 1.000000 0.920378
d13        5 1764.810000 0.020000 0.783333 0.740000 1.000000 0.850575
d14        2 336.890000 0.020000 0.998958 0.998750 1.000000 0.999375
d15        6 2305.160000 0.030000 0.564583 0.546250 0.888211 0.676471
d16        6 1793.960000 0.030000 0.737500 0.748750 0.921538 0.826207
d17        2 675.130000 0.020000 0.925000 0.910000 1.000000 0.952880
d18        3 453.230000 0.030000 0.903125 0.883750 1.000000 0.938288
d19        5 1638.470000 0.030000 0.877083 0.855000 0.997085 0.920592
d20        4 516.120000 0.030000 0.832292 0.798750 1.000000 0.888117
d21        1 293.820000 0.020000 0.962500 1.000000 0.956938 0.977995
d01       17 4063.520000 0.040000 0.996875 0.996250 1.000000 0.998121
d02       12 2229.480000 0.040000 0.966667 0.960000 1.000000 0.979592
d03        8 2061.290000 0.030000 0.468750 0.473750 0.809829 0.597792
d04        1 277.930000 0.020000 0.998958 0.998750 1.000000 0.999375
d05        6 1269.160000 0.020000 0.998958 0.998750 1.000000 0.999375
d06        1 259.470000 0.020000 0.997917 0.997500 1.000000 0.998748
d07        1 279.920000 0.030000 1.000000 1.000000 1.000000 1.000000
d08       11 2359.450000 0.020000 0.726042 0.671250 1.000000 0.803291
d09        5 2081.740000 0.030000 0.632292 0.636250 0.891419 0.742524
d10        5 403.530000 0.020000 0.716667 0.676250 0.976534 0.799114
d11        2 350.190000 0.020000 0.834375 0.802500 0.998445 0.889813
d12        9 1756.200000 0.020000 0.877083 0.852500 1.000000 0.920378
d13        5 1766.760000 0.020000 0.783333 0.740000 1.000000 0.850575
d14        2 329.070000 0.020000 0.998958 0.998750 1.000000 0.999375
d15        6 2282.550000 0.040000 0.564583 0.546250 0.888211 0.676471
d16        6 1808.550000 0.030000 0.737500 0.748750 0.921538 0.826207
d17        2 659.950000 0.020000 0.925000 0.910000 1.000000 0.952880
d18        3 445.160000 0.020000 0.903125 0.883750 1.000000 0.938288
d19        5 1656.480000 0.030000 0.877083 0.855000 0.997085 0.920592
d20        4 510.450000 0.030000 0.832292 0.798750 1.000000 0.888117
d21        1 293.920000 0.030000 0.962500 1.000000 0.956938 0.977995
d01       16 2903.320000 0.040000 0.997917 0.997500 1.000000 0.998748
d02       13 2091.860000 0.040000 0.976042 0.971250 1.000000 0.985415
d03       10 2787.190000 0.030000 0.481250 0.471250 0.834071 0.602236
d04        1 240.340000 0.020000 1.000000 1.000000 1.000000 1.000000
d05        5 1268.860000 0.020000 0.996875 0.996250 1.000000 0.998121
d06        1 229.400000 0.020000 0.997917 0.997500 1.000000 0.998748
d07        3 323.540000 0.020000 1.000000 1.000000 1.000000 1.000000
d08        6 1867.880000 0.020000 0.842708 0.811250 1.000000 0.895790
d09        6 3683.080000 0.030000 0.517708 0.472500 0.902148 0.620180
d10        7 1614.540000 0.030000 0.667708 0.626250 0.961612 0.758516
d11        2 300.090000 0.020000 0.825000 0.791250 0.998423 0.882845
d12        9 2205.950000 0.030000 0.926042 0.911250 1.000000 0.953564
d13       10 2276.580000 0.020000 0.700000 0.640000 1.000000 0.780488
d14        2 343.510000 0.020000 0.998958 0.998750 1.000000 0.999375
d15        6 2786.690000 0.020000 0.560417 0.537500 0.892116 0.670827
d16        4 528.410000 0.020000 0.761458 0.776250 0.925484 0.844324
d17        2 538.710000 0.020000 0.946875 0.936250 1.000000 0.967076
d18        2 710.280000 0.030000 0.885417 0.862500 1.000000 0.926174
d19        5 1508.190000 0.020000 0.867708 0.853750 0.985570 0.914936
d20        4 492.410000 0.040000 0.828125 0.795000 0.998430 0.885177
d21        2 418.740000 0.020000 0.553125 0.507500 0.920635 0.654311
d01       13 2574.160000 0.050000 0.997917 0.997500 1.000000 0.998748
d02       12 2003.410000 0.020000 0.985417 0.982500 1.000000 0.991173
d03       11 2824.590000 0.030000 0.504167 0.493750 0.847639 0.624013
d04        1 233.580000 0.020000 1.000000 1.000000 1.000000 1.000000
d05        3 319.100000 0.020000 0.997917 0.997500 1.000000 0.998748
d06        1 237.430000 0.030000 0.997917 0.997500 1.000000 0.998748
d07        1 238.560000 0.020000 1.000000 1.000000 1.000000 1.000000
d08       11 2261.170000 0.030000 0.726042 0.671250 1.000000 0.803291
d09        5 2046.110000 0.030000 0.632292 0.636250 0.891419 0.742524
d10        5 399.450000 0.020000 0.716667 0.676250 0.976534 0.799114
d11        2 322.230000 0.020000 0.834375 0.802500 0.998445 0.889813
d12        9 1715.590000 0.030000 0.877083 0.852500 1.000000 0.920378
d13        5 1769.570000 0.020000 0.783333 0.740000 1.000000 0.850575
d14        2 303.220000 0.030000 0.998958 0.998750 1.000000 0.999375
d15        6 2263.730000 0.030000 0.564583 0.546250 0.888211 0.676471
d16        6 1780.610000 0.020000 0.737500 0.748750 0.921538 0.826207
d17        2 593.480000 0.020000 0.925000 0.910000 1.000000 0.952880
d18        3 405.380000 0.020000 0.903125 0.883750 1.000000 0.938288
d19        5 1645.690000 0.020000 0.877083 0.855000 0.997085 0.920592
d20        4 487.140000 0.020000 0.832292 0.798750 1.000000 0.888117
d21        1 250.340000 0.020000 0.962500 1.000000 0.956938 0.977995
d01        8 1547.800000 0.040000 0.997917 0.997500 1.000000 0.998748
d02       14 2194.400000 0.040000 0.981250 0.977500 1.000000 0.988622
d03       10 2796.350000 0.030000 0.473958 0.475000 0.817204 0.600791
d04        1 231.140000 0.020000 1.000000 1.000000 1.000000 1.000000
d05        3 331.960000 0.020000 0.997917 0.997500 1.000000 0.998748
d06        1 234.410000 0.020000 0.997917 0.997500 1.000000 0.998748
d07        1 238.120000 0.020000 1.000000 1.000000 1.000000 1.000000
d08       11 2260.270000 0.020000 0.726042 0.671250 1.000000 0.803291
d09        5 2043.920000 0.030000 0.632292 0.636250 0.891419 0.742524
d10        5 398.390000 0.020000 0.716667 0.676250 0.976534 0.799114
d11        2 322.620000 0.020000 0.834375 0.802500 0.998445 0.889813
d12        9 1713.670000 0.030000 0.877083 0.852500 1.000000 0.920378
d13        5 1768.440000 0.020000 0.783333 0.740000 1.000000 0.850575
d14        2 303.030000 0.020000 0.998958 0.998750 1.000000 0.999375
d15        6 2266.240000 0.020000 0.564583 0.546250 0.888211 0.676471
d16        6 1773.830000 0.020000 0.737500 0.748750 0.921538 0.826207
d17        2 593.210000 0.020000 0.925000 0.910000 1.000000 0.952880
d18        3 405.200000 0.020000 0.903125 0.883750 1.000000 0.938288
d19        5 1642.460000 0.030000 0.877083 0.855000 0.997085 0.920592
d20        4 488.030000 0.020000 0.832292 0.798750 1.000000 0.888117
d21        1 250.650000 0.020000 0.962500 1.000000 0.956938 0.977995
