d01       19 2754.140000 0.040000 0.996875 0.996250 1.000000 0.998121
d02       14 2659.680000 0.030000 0.968750 0.962500 1.000000 0.980892
d03       10 3765.780000 0.030000 0.522917 0.510000 0.860759 0.640502
d04        1 232.720000 0.020000 1.000000 1.000000 1.000000 1.000000
d05        3 318.930000 0.030000 0.997917 0.997500 1.000000 0.998748
d06        1 237.590000 0.030000 0.997917 0.997500 1.000000 0.998748
d07        1 238.090000 0.020000 1.000000 1.000000 1.000000 1.000000
d08       11 2271.970000 0.020000 0.726042 0.671250 1.000000 0.803291
d09        5 2048.250000 0.030000 0.632292 0.636250 0.891419 0.742524
d10        5 398.660000 0.030000 0.716667 0.676250 0.976534 0.799114
d11        2 322.120000 0.020000 0.834375 0.802500 0.998445 0.889813
d12        9 1714.820000 0.030000 0.877083 0.852500 1.000000 0.920378
d13        5 1769.570000 0.030000 0.783333 0.740000 1.000000 0.850575
d14        2 303.060000 0.020000 0.998958 0.998750 1.000000 0.999375
d15        6 2281.920000 0.020000 0.564583 0.546250 0.888211 0.676471
d16        6 1785.240000 0.030000 0.737500 0.748750 0.921538 0.826207
d17        2 600.960000 0.020000 0.925000 0.910000 1.000000 0.952880
d18        3 412.880000 0.030000 0.903125 0.883750 1.000000 0.938288
d19        5 1675.700000 0.020000 0.877083 0.855000 0.997085 0.920592
d20        4 491.680000 0.030000 0.832292 0.798750 1.000000 0.888117
d21        1 252.260000 0.020000 0.962500 1.000000 0.956938 0.977995
d01       17 3685.390000 0.030000 0.996875 0.996250 1.000000 0.998121
d02       12 2141.610000 0.030000 0.966667 0.960000 1.000000 0.979592
d03        8 1994.990000 0.030000 0.468750 0.473750 0.809829 0.597792
d04        1 237.590000 0.020000 0.998958 0.998750 1.000000 0.999375
d05        6 1257.550000 0.020000 0.998958 0.998750 1.000000 0.999375
d06        1 223.240000 0.020000 0.997917 0.997500 1.000000 0.998748
d07        1 237.530000 0.020000 1.000000 1.000000 1.000000 1.000000
d08       11 2260.290000 0.030000 0.726042 0.671250 1.000000 0.803291
d09        5 2045.660000 0.020000 0.632292 0.636250 0.891419 0.742524
d10        5 398.330000 0.020000 0.716667 0.676250 0.976534 0.799114
d11        2 322.330000 0.020000 0.834375 0.802500 0.998445 0.889813
d12        9 1713.530000 0.020000 0.877083 0.852500 1.000000 0.920378
d13        5 1765.940000 0.030000 0.783333 0.740000 1.000000 0.850575
d14        2 303.030000 0.020000 0.998958 0.998750 1.000000 0.999375
d15        6 2264.120000 0.030000 0.564583 0.546250 0.888211 0.676471
d16        6 1779.490000 0.030000 0.737500 0.748750 0.921538 0.826207
d17        2 590.580000 0.020000 0.925000 0.910000 1.000000 0.952880
d18        3 404.890000 0.020000 0.903125 0.883750 1.000000 0.938288
d19        5 1642.180000 0.020000 0.877083 0.855000 0.997085 0.920592
d20        4 486.840000 0.030000 0.832292 0.798750 1.000000 0.888117
d21        1 250.430000 0.020000 0.962500 1.000000 0.956938 0.977995
