           KNN KNN-FS 5KNN-FS 10KNN-FS 20KNN-FS
Min.    0.5843 0.6471  0.6431   0.6320   0.6355
1st Qu. 0.7198 0.7414  0.7407   0.7608   0.7539
Median  0.7572 0.7895  0.7896   0.7979   0.7953
Mean    0.7563 0.7865  0.7865   0.7921   0.7926
3rd Qu. 0.7977 0.8288  0.8303   0.8301   0.8339
Max.    0.8918 0.9153  0.9127   0.9435   0.9187
            [,1]       [,2]         [,3]       [,4]       [,5]
[1,] 0.000000000 -1.7208263 -2.372821927 -2.7668298 -2.8616347
[2,] 0.088406280  0.0000000 -0.002003626 -0.3366138 -0.3534773
[3,] 0.019584621  0.9984054  0.000000000 -0.5264503 -0.6014716
[4,] 0.006755419  0.7371205  0.599752865  0.0000000 -0.0597518
[5,] 0.005142909  0.7244822  0.548900757  0.9524738  0.0000000
  label1 label2 label3 label4 label5
1  36068    465     51    207    269
2    435   4343     62      0     10
3    112     81    299      8      0
4    225      0      8    117      0
5    378      8      1      0   2553
  label1 label2 label3 label4 label5
1  36273    338     38    190    221
2    325   4476     47      2      0
3     54     66    379      1      0
4    230      7     10     99      4
5    265     13      4      1   2657
  label1 label2 label3 label4 label5
1  36273    338     35    200    214
2    275   4523     51      0      1
3     51     77    365      7      0
4    219      8     10    108      5
5    278     10      3      0   2649
  label1 label2 label3 label4 label5
1  36256    338     37    207    222
2    266   4531     51      0      2
3     49     73    370      8      0
4    215      8     10    112      5
5    229     14      3      0   2694
  label1 label2 label3 label4 label5
1  36268    348     37    196    211
2    268   4534     48      0      0
3     50     68    376      6      0
4    218      9     10    110      3
5    256     14      2      1   2667

