           KNN   KNN+  KNN+R KNN+RG
Min.    0.5843 0.6550 0.6812 0.6892
1st Qu. 0.7198 0.7422 0.7732 0.7448
Median  0.7572 0.7788 0.8039 0.7860
Mean    0.7563 0.7758 0.8034 0.7933
3rd Qu. 0.7977 0.8115 0.8410 0.8371
Max.    0.8918 0.8942 0.9242 0.9520
           [,1]       [,2]       [,3]       [,4]
[1,] 0.00000000 -1.0896600 -2.2035032 -1.9053205
[2,] 0.27850820  0.0000000 -1.5287562 -0.8570144
[3,] 0.02987742  0.1295138  0.0000000  0.4682269
[4,] 0.05964012  0.3935067  0.6406516  0.0000000
  label1 label2 label3 label4 label5
1  36264    354     25    194    223
2    347   4457     36      3      7
3     70     43    378      9      0
4    223      4      9    114      0
5    226      5      1      5   2703
  label1 label2 label3 label4 label5
1  36111    469     42    209    229
2    431   4348     51      0     20
3    113     29    340     18      0
4    207      0     10    133      0
5    311     20      0      0   2609
  label1 label2 label3 label4 label5
1  36320    333     18    181    208
2    291   4509     43      1      6
3     58     29    405      8      0
4    212      5     10    118      5
5    273      5      4      5   2653
  label1 label2 label3 label4 label5
1  36068    465     51    207    269
2    435   4343     62      0     10
3    112     81    299      8      0
4    225      0      8    117      0
5    378      8      1      0   2553

