           KNN   KNN+ KNN+FS KNN+EFS
Min.    0.5843 0.6550 0.6483  0.6671
1st Qu. 0.7148 0.7402 0.7312  0.7722
Median  0.7496 0.7786 0.7876  0.8157
Mean    0.7522 0.7749 0.7752  0.8068
3rd Qu. 0.7941 0.8115 0.8124  0.8461
Max.    0.8918 0.8942 0.9133  0.9183
           [,1]        [,2]        [,3]      [,4]
[1,] 0.00000000 -1.31981651 -1.12400846 -2.822507
[2,] 0.18994009  0.00000000 -0.01881495 -2.288957
[3,] 0.26372752  0.98502659  0.00000000 -1.609431
[4,] 0.00576004  0.02420643  0.11070640  0.000000
  label1 label2 label3 label4 label5
1  36068    465     51    207    269
2    435   4343     62      0     10
3    112     81    299      8      0
4    225      0      8    117      0
5    378      8      1      0   2553
  label1 label2 label3 label4 label5
1  36111    469     42    209    229
2    431   4348     51      0     20
3    113     29    340     18      0
4    207      0     10    133      0
5    311     20      0      0   2609
  label1 label2 label3 label4 label5
1  36116    463     51    200    230
2    406   4373     57      0     14
3    105     24    354     17      0
4    215      0     10    124      1
5    286     15      0      3   2636
  label1 label2 label3 label4 label5
1  36327    330     16    176    211
2    302   4502     38      1      7
3     57     33    403      7      0
4    206      6     10    121      7
5    255      4      0      6   2675
