           KNN   KNN+ KNN+FS 5KNN+FS 10KNN+FS 20KNN+FS
Min.    0.5843 0.6550 0.6812  0.6915   0.6621   0.6910
1st Qu. 0.7198 0.7422 0.7732  0.7904   0.7862   0.7864
Median  0.7572 0.7788 0.8039  0.8263   0.8226   0.8228
Mean    0.7563 0.7758 0.8034  0.8210   0.8146   0.8166
3rd Qu. 0.7977 0.8115 0.8410  0.8544   0.8468   0.8524
Max.    0.8918 0.8942 0.9242  0.9331   0.9344   0.9314
            [,1]          [,2]       [,3]       [,4]       [,5]       [,6]
[1,] 0.000000000 -1.0896600303 -2.2035032 -3.4390705 -2.9875246 -3.2797457
[2,] 0.278508196  0.0000000000 -1.5287562 -3.7323702 -2.7795308 -2.8139451
[3,] 0.029877423  0.1295138425  0.0000000 -1.0420001 -0.6087952 -0.8211798
[4,] 0.000855567  0.0003167318  0.2999496  0.0000000  0.5414848  0.3930541
[5,] 0.003545827  0.0065154445  0.5440546  0.5893900  0.0000000 -0.1688962
[6,] 0.001434811  0.0059038154  0.4135170  0.6951246  0.8662229  0.0000000
  label1 label2 label3 label4 label5
1  36111    469     42    209    229
2    431   4348     51      0     20
3    113     29    340     18      0
4    207      0     10    133      0
5    311     20      0      0   2609
  label1 label2 label3 label4 label5
1  36320    333     18    181    208
2    291   4509     43      1      6
3     58     29    405      8      0
4    212      5     10    118      5
5    273      5      4      5   2653
  label1 label2 label3 label4 label5
1  36347    328     14    163    208
2    281   4522     43      1      3
3     52     24    415      9      0
4    199      6     10    133      2
5    236      4      2      5   2693
  label1 label2 label3 label4 label5
1  36331    333     13    185    198
2    262   4543     43      0      2
3     46     26    420      8      0
4    190      8     10    132     10
5    284      6      0      6   2644
  label1 label2 label3 label4 label5
1  36309    334     14    175    228
2    270   4534     42      0      4
3     46     32    412     10      0
4    196      6     10    132      6
5    258      4      1      8   2669
  label1 label2 label3 label4 label5
1  36068    465     51    207    269
2    435   4343     62      0     10
3    112     81    299      8      0
4    225      0      8    117      0
5    378      8      1      0   2553

